,date,location,new_cases,new_deaths,total_cases,total_deaths
3874,2020-03-19,Kyrgyzstan,3,0,3,0
3875,2020-03-20,Kyrgyzstan,3,0,6,0
3876,2020-03-21,Kyrgyzstan,0,0,6,0
3877,2020-03-22,Kyrgyzstan,8,0,14,0
3878,2020-03-23,Kyrgyzstan,0,0,14,0
3879,2020-03-24,Kyrgyzstan,2,0,16,0
3880,2020-03-25,Kyrgyzstan,26,0,42,0
3881,2020-03-26,Kyrgyzstan,2,0,44,0
3882,2020-03-27,Kyrgyzstan,0,0,44,0
3883,2020-03-28,Kyrgyzstan,14,0,58,0
